   0 3.92 7.85 6.78 1.30 7.27 1.64 7.98 3.47 7.14
3.92    0 2.90 7.25 1.31 6.06 7.29 8.19 6.40 6.39
7.85 2.90    0 6.99 8.60 5.97 7.05 5.01 2.84 0.20
6.78 7.25 6.99    0 4.04 2.88 1.87 6.24 7.05 1.63
1.30 1.31 8.60 4.04    0 2.54 5.86 4.49 0.36 6.94
7.27 6.06 5.97 2.88 2.54    0 1.61 1.95 0.21 8.88
1.64 7.29 7.05 1.87 5.86 1.61    0 5.59 7.04 5.52
7.98 8.19 5.01 6.24 4.49 1.95 5.59    0 4.22 5.23
3.47 6.40 2.84 7.05 0.36 0.21 7.04 4.22    0 8.75
7.14 6.39 0.20 1.63 6.94 8.88 5.52 5.23 8.75    0