   0 1.31 7.44 3.32 5.59 3.13
1.31    0 1.18 0.34 1.77 1.81
7.44 1.18    0 1.61 3.04 2.89
3.32 0.34 1.61    0 6.59 7.13
5.59 1.77 3.04 6.59    0 8.53
3.13 1.81 2.89 7.13 8.53    0