   0 6.67 8.09 0.36 0.18 6.04 5.23
6.67    0 0.93 6.73 2.92 6.41 5.49
8.09 0.93    0 2.32 8.49 2.59 5.06
0.36 6.73 2.32    0 5.56 4.45 7.20
0.18 2.92 8.49 5.56    0 5.98 5.04
6.04 6.41 2.59 4.45 5.98    0 1.85
5.23 5.49 5.06 7.20 5.04 1.85    0