   0 1.11 7.04 3.94 4.43 4.23 5.42 5.93
1.11    0 8.05 7.40 4.24 6.38 5.03 1.24
7.04 8.05    0 2.51 3.81 3.24 5.16 6.09
3.94 7.40 2.51    0 5.01 3.36 5.72 7.19
4.43 4.24 3.81 5.01    0 3.63 0.26 8.80
4.23 6.38 3.24 3.36 3.63    0 8.13 8.42
5.42 5.03 5.16 5.72 0.26 8.13    0 6.44
5.93 1.24 6.09 7.19 8.80 8.42 6.44    0