   0 5.83 1.03 6.84 2.42 0.61 5.81 5.34 2.36
5.83    0 3.32 2.40 2.52 0.55 1.58 4.96 5.87
1.03 3.32    0 3.60 6.80 3.58 6.19 3.93 2.81
6.84 2.40 3.60    0 1.98 1.01 3.05 3.34 4.98
2.42 2.52 6.80 1.98    0 3.71 8.28 6.76 7.67
0.61 0.55 3.58 1.01 3.71    0 0.55 6.36 6.18
5.81 1.58 6.19 3.05 8.28 0.55    0 6.66 5.37
5.34 4.96 3.93 3.34 6.76 6.36 6.66    0 6.56
2.36 5.87 2.81 4.98 7.67 6.18 5.37 6.56    0